2158067859
2094068976
2200771115
2186237208
2175589929
2015105839
2169264336
2191659991
2082792240
2115990360
2119744497
2011312571
2203363423
976571677
2133817128
2127203142
2177252391
2133608718
2064875832
2108401926
2205603159
2184622695
2150100687
2165231421
2169223476
2116354479
2151934260
2170924812
2135155797
2112558612
2196371675
1071445669
2115589848
318826619
2195986179
2187495623
2209607792
479953542
2131458465
1390316290
2168730069
2134617336
2189292999
2157656259
2094201090
1075327600
2112323067
2034609236
2164096365
